[gd_scene load_steps=8 format=3 uid="uid://d0ietrpt03xli"]

[ext_resource type="PackedScene" uid="uid://dmhilif684j3i" path="res://scenes/stick.tscn" id="1_014kd"]

[sub_resource type="BoxShape3D" id="BoxShape3D_bswci"]
size = Vector3(4, 0.5, 4)

[sub_resource type="PlaneMesh" id="PlaneMesh_rus8k"]
size = Vector2(4, 4)

[sub_resource type="StandardMaterial3D" id="StandardMaterial3D_5xbjy"]
albedo_color = Color(0.2133, 0.269539, 0.0879027, 1)

[sub_resource type="BoxShape3D" id="BoxShape3D_4nkto"]
size = Vector3(0.5, 4, 4)

[sub_resource type="PlaneMesh" id="PlaneMesh_fcfvj"]
size = Vector2(4, 4)

[sub_resource type="StandardMaterial3D" id="StandardMaterial3D_pa8r4"]
albedo_color = Color(0.243429, 0.218781, 0.375853, 1)

[node name="Node3D" type="Node3D"]

[node name="Camera3D" type="Camera3D" parent="."]
transform = Transform3D(0.999998, -0.00104557, 0.00157612, 0.000337303, 0.918538, 0.395333, -0.00186107, -0.395332, 0.918537, 0, 2.82708, 3.98355)
fov = 39.0264

[node name="Node3D" type="Node3D" parent="."]
transform = Transform3D(1, 0, 0, 0, 1, 0, 0, 0, 1, 0.00222635, 0, -0.00584459)

[node name="Floor" type="StaticBody3D" parent="Node3D"]

[node name="CollisionShape3D" type="CollisionShape3D" parent="Node3D/Floor"]
transform = Transform3D(1, 0, 0, 0, 1, 0, 0, 0, 1, 0, -0.25, 0)
shape = SubResource("BoxShape3D_bswci")

[node name="MeshInstance3D" type="MeshInstance3D" parent="Node3D/Floor"]
transform = Transform3D(1, 0, 0, 0, 1, 0, 0, 0, 1, 0.00386119, 0.00566125, -0.00762367)
mesh = SubResource("PlaneMesh_rus8k")
surface_material_override/0 = SubResource("StandardMaterial3D_5xbjy")

[node name="Wall1" type="StaticBody3D" parent="Node3D"]
transform = Transform3D(1, 0, 0, 0, 1, 0, 0, 0, 1, -1.98752, 0, 0)

[node name="CollisionShape3D" type="CollisionShape3D" parent="Node3D/Wall1"]
transform = Transform3D(1, 0, 0, 0, 1, 0, 0, 0, 1, -0.25, 1, 0)
shape = SubResource("BoxShape3D_4nkto")

[node name="MeshInstance3D" type="MeshInstance3D" parent="Node3D/Wall1"]
transform = Transform3D(-0.00389872, 0.999983, -0.00438243, -0.999991, -0.00389242, 0.00144442, 0.00142733, 0.00438803, 0.999989, 0.00118494, 1.00971, -0.0105138)
mesh = SubResource("PlaneMesh_fcfvj")
surface_material_override/0 = SubResource("StandardMaterial3D_pa8r4")

[node name="Wall2" type="StaticBody3D" parent="Node3D"]
transform = Transform3D(-1, 0, 8.74228e-08, 0, 1, 0, -8.74228e-08, 0, -1, 1.99888, 0, 0)

[node name="CollisionShape3D" type="CollisionShape3D" parent="Node3D/Wall2"]
transform = Transform3D(1, 0, 0, 0, 1, 0, 0, 0, 1, -0.25, 1, 0)
shape = SubResource("BoxShape3D_4nkto")

[node name="MeshInstance3D" type="MeshInstance3D" parent="Node3D/Wall2"]
transform = Transform3D(-0.00389872, 0.999983, -0.00438243, -0.999991, -0.00389242, 0.00144442, 0.00142733, 0.00438803, 0.999989, 0.00118494, 1.00971, -0.0105138)
mesh = SubResource("PlaneMesh_fcfvj")
surface_material_override/0 = SubResource("StandardMaterial3D_pa8r4")

[node name="Wall3" type="StaticBody3D" parent="Node3D"]
transform = Transform3D(-4.37114e-08, 0, -1, 0, 1, 0, 1, 0, -4.37114e-08, -0.00111842, 0, -2)

[node name="CollisionShape3D" type="CollisionShape3D" parent="Node3D/Wall3"]
transform = Transform3D(1, 0, 0, 0, 1, 0, 0, 0, 1, -0.25, 1, 0)
shape = SubResource("BoxShape3D_4nkto")

[node name="MeshInstance3D" type="MeshInstance3D" parent="Node3D/Wall3"]
transform = Transform3D(-0.00389872, 0.999983, -0.00438243, -0.999991, -0.00389242, 0.00144442, 0.00142733, 0.00438803, 0.999989, 0.00118494, 1.00971, -0.0105138)
mesh = SubResource("PlaneMesh_fcfvj")
surface_material_override/0 = SubResource("StandardMaterial3D_pa8r4")

[node name="stick" parent="." instance=ExtResource("1_014kd")]
transform = Transform3D(1, 0, 0, 0, 1, 0, 0, 0, 1, 0.0166056, -1.78814e-07, -0.0355892)

[editable path="stick"]
