[gd_scene load_steps=8 format=3 uid="uid://b81y76g7kncpr"]

[ext_resource type="Script" uid="uid://diepx3fjvreu2" path="res://scripts/main.gd" id="1_sugp2"]
[ext_resource type="PackedScene" uid="uid://b4kb37dtyjyof" path="res://scenes/level_loader.tscn" id="2_jyhfs"]
[ext_resource type="PackedScene" uid="uid://db0yuxxpjun34" path="res://scenes/ui/ui.tscn" id="3_sugp2"]
[ext_resource type="PackedScene" uid="uid://ccinb35lqme1n" path="res://scenes/ring.tscn" id="5_o6xl0"]
[ext_resource type="PackedScene" uid="uid://rbx3r5qf2a31" path="res://scenes/player.tscn" id="5_tefeu"]
[ext_resource type="PackedScene" uid="uid://qrsttc5wma5m" path="res://scenes/stand.tscn" id="6_tefeu"]
[ext_resource type="Script" uid="uid://buy1ictyutirk" path="res://scripts/audio_stream_player.gd" id="7_o6xl0"]

[node name="Main" type="Control"]
layout_mode = 3
anchors_preset = 0
script = ExtResource("1_sugp2")

[node name="LevelLoader" parent="." instance=ExtResource("2_jyhfs")]

[node name="Game" type="Node3D" parent="."]

[node name="Player" parent="Game" instance=ExtResource("5_tefeu")]
transform = Transform3D(1, 0, 0, 0, 1, 0, 0, 0, 1, 0, 2.77653, 2.22035)
ring_scene = ExtResource("5_o6xl0")
ring_container_path = NodePath("../RingContainer")

[node name="Camera3D" parent="Game/Player" index="0"]
transform = Transform3D(1, 0, 0, 0, 0.957229, 0.289333, 0, -0.289333, 0.957229, 0, 0.211, -0.058)
fov = 28.7389

[node name="ThrowPlane" parent="Game/Player" index="1"]
transform = Transform3D(1, 0, 0, 0, 0.984647, -0.174559, 0, 0.174559, 0.984647, 0, -0.955401, -2.194)

[node name="RingContainer" type="Node3D" parent="Game"]
transform = Transform3D(0.999997, 0.00176252, -0.00153199, -0.00176232, 0.999998, 0.000128713, 0.00153222, -0.000126006, 0.999999, -0.00134277, 0.0184174, -0.00183105)

[node name="LevelContainer" type="Node3D" parent="Game"]
transform = Transform3D(1, 0, 0, 0, 1, 0, 0, 0, 1, 0, 0.330646, -4.33479)

[node name="stand" parent="Game" instance=ExtResource("6_tefeu")]
transform = Transform3D(1, 0, 0, 0, 1, 0, 0, 0, 1, 0, 0, -1.884)

[node name="DirectionalLight3D" type="DirectionalLight3D" parent="Game"]
transform = Transform3D(0.709789, -0.251355, 0.658043, 0.0384475, 0.946601, 0.320106, -0.703364, -0.201908, 0.681551, 22, 11.9087, 0)
light_energy = 0.2
light_indirect_energy = 5.0
shadow_enabled = true

[node name="UI" parent="." instance=ExtResource("3_sugp2")]

[node name="AudioStreamPlayer" type="AudioStreamPlayer" parent="."]
script = ExtResource("7_o6xl0")

[connection signal="finished" from="AudioStreamPlayer" to="AudioStreamPlayer" method="_on_finished"]

[editable path="Game/Player"]
